log(-1) = None
log(0) = None
log(-25) = None
log(100.000000) = 4.605170 = 4.605170e+00
log(12.321000) = 2.511305 = 2.511305e+00
log(56.456870) = 4.033477 = 4.033477e+00
log(321.654000) = 5.773476 = 5.773476e+00
log(123.756400) = 4.818315 = 4.818315e+00
